888888888888888888888888888
800000000000000000000000008
800008880000000000000000008
800008000000000000000000008
800008880000000000000000008
800000000000000000000000008
800000000S0000M000000000008
800000000000000000000000008
800000000000000000000000008
800000000000000000000000008
800000000000000000000000008
800000000000000000000000008
800000000000000000000000008
800000000000000000000000008
800000000000000000000000008
800000000000000000000000008
800000000000000000000000008
800000000000000000000000008
800000000000000000000000008
800000000000000000000000008
800000000000000000000000008
800000000000000000000000008
800000000000000000000000008
888888888888888888888888888
